,V1,V2,V3,V4,V5,V6,V7,V8,V9,V10,V11,V12,V13,V14,V15,V16,V17,V18,V19,V20,V21,V22,V23,V24,V25,V26,V27,V28,V29,V30,V31,V32,V33,V34,V35,V36,V37,V38,V39,V40,V41,V42,V43,V44,V45,V46,V47,V48,V49,V50,V51,V52,V53,V54,V55,V56,V57,V58,V59,V60,V61,V62,V63,V64,V65,V66,V67,V68,V69,V70,V71,V72,V73,V74,V75,V76,V77,V78,V79,V80,V81,V82,V83,V84,V85,V86,V87,V88,V89,V90,V91,V92,V93,V94,V95,V96,V97,V98,V99,V100,V101,V102,V103,V104,V105,V106,V107
1,2608.25388229117,-13200.369308584,3938.22958484829,-5769.52906325679,-2119.01175487797,-19106.5254084996,-5967.42944779734,-10053.1148060527,-2454.1656319223,-6556.87467917058,-8762.50638429133,-6536.65904849173,-8173.06115291804,-5537.58130073076,-3605.3926000558,-20620.5697482908,-8365.6416346483,-11403.3061392888,-9038.0773498612,9215.57317259496,750.5438209593,-10772.3656659956,-4432.10549676531,-8620.99696953927,-12895.006887277,7681.31320212499,-2310.52825604619,9161.31016393074,8983.62541006893,-15221.9323764709,-5533.32537848264,2972.13523451074,-731.581101970327,18208.3368830052,7751.53591922,-7328.26058665373,-7794.2840728297,7427.0218477961,1378.29235256631,-3875.64366281532,9826.29801520918,-4532.11966959764,-15484.7355752961,-15069.7831560982,-8424.16056556085,2649.74912421089,-6265.34400517002,11755.2947741981,13276.7869779235,-12323.6493254583,9582.64646650073,116.411405980084,-6064.25167894338,-19511.9020026391,1825.16418862558,-750.732752087145,1846.4437998664,-4781.09112111633,-1984.95020406021,-1856.20855605272,-5526.94149511037,-2305.20835323593,9985.89509951604,-960.33692281013,-5991.90100072431,14949.3644214594,-219.806451626318,10789.2004238606,9896.5207323042,3557.3245436359,-2806.34319795945,-242.150043429277,-7192.07107471187,-9722.21685125657,1160.17633734692,10090.1651945965,2379.49806145137,4253.16783121379,11642.5128346212,4172.30530849829,-3999.06540801267,2944.47173989757,5970.43245835554,24020.862693461,18070.0194099394,6226.85177380864,-3115.96154151482,1702.80642399023,-3137.24115275571,-2631.85038578398,9065.55191334652,27603.2852458688,-2970.19620451458,-4444.8732635098,13187.4126107117,6731.17856021831,8699.54260000278,1429.36341954444,5669.32595929662,9516.67967165398,-2425.43815674714,6636.48429019617,8909.1467707257,17769.9768914424,-5203.49140424849,-2447.7817485501,1193.15973477029
2,-13200.369308584,66807.0509033194,-19931.3745088046,29199.5786486464,10724.3155750807,96698.0987964587,30201.1522224395,50878.8001975166,12420.528885536,33184.3337271769,44347.0327512228,33082.0224481336,41363.8512464852,28025.6913417276,18246.8869868472,104360.675116391,42338.5007994771,57712.1166767812,45741.6970287087,-46640.0031432801,-3798.50124491543,54518.9278097961,22430.8798193044,43630.8537979194,65261.6121093491,-38875.1155443052,11693.5803239125,-46365.3781311116,-45466.1158363613,77038.1788076552,28004.1521250872,-15041.972331364,3702.53095021028,-92152.3679050919,-39230.5126188768,37088.3167433049,39446.860965462,-37588.1473500232,-6975.5356994198,19614.6272435316,-49730.8807312213,22937.0514103611,78368.2254352182,76268.1518127491,42634.665028287,-13410.3766708306,31708.8973872883,-59493.5306736218,-67193.8006226744,62369.9722753335,-48497.760578541,-589.157965450337,30691.169401015,98749.7091814865,-9237.15344669431,3799.45742509343,-9344.84952989739,24197.0955838424,10045.8302508985,9394.26894751731,27971.8433001261,11666.6563031114,-50538.6013552478,4860.26384464811,30325.0027181231,-75658.7127624719,1112.44014916524,-54604.1284961815,-50086.277805793,-18003.6146194613,14202.8990625545,1225.52103652894,36399.0618108023,49204.1261037022,-5871.65084658352,-51066.3121629452,-12042.6364141462,-21525.2765402167,-58922.7414326427,-21116.0314240432,20239.2645261123,-14901.9674231996,-30216.3504547416,-121569.553032137,-91452.3433642695,-31514.0882573445,15769.8770731662,-8617.90096827355,15877.5731563696,13319.7911802857,-45880.7457566952,-139700.188639451,15032.1589032221,22495.4974692262,-66741.4770732195,-34066.4854292682,-44028.3731255944,-7234.00629910794,-28692.4508774117,-48163.9027206105,12275.1391732115,-33587.2378590122,-45089.1795451487,-89933.8285910995,26334.8628354326,12388.2200605753,-6038.57977554875
3,3938.22958484829,-19931.3745088046,5946.37369018316,-8711.47176347742,-3199.51782315419,-28849.1408517756,-9010.28360635133,-15179.3022979399,-3705.57013769848,-9900.29307383564,-13230.599258123,-9869.76928343457,-12340.5897906387,-8361.25143150691,-5443.81967527644,-31135.2121012891,-12631.3690570911,-17217.9701936761,-13646.6867167485,13914.689500152,1133.25389851639,-16265.3066301051,-6692.08205115262,-13016.9327253154,-19470.3046222198,11598.0944602376,-3488.69057432241,13832.7572206545,13564.4691681815,-22983.7535489138,-8354.82537036994,4487.65781206781,-1104.62189246876,27492.9566827844,11704.1244689992,-11065.0166549299,-11768.6703494392,11214.1373072976,2081.09791623453,-5851.87455748036,14836.8292733218,-6843.09448787384,-23380.5628241278,-22754.0218632632,-12719.7273977259,4000.88368093463,-9460.10788594617,17749.4414836996,20046.7583402028,-18607.6059145677,14468.9372732244,175.770789092751,-9156.47649721954,-29461.2231750819,2755.83433562717,-1133.53916758557,2787.96464131239,-7219.01906439253,-2997.09689733643,-2802.70854794008,-8345.18627866434,-3480.65799790101,15077.806565962,-1450.02267858632,-9047.23345788937,22572.200367072,-331.88804073585,16290.7256055843,14942.8592820835,5371.24121841521,-4237.32669679119,-365.624861705474,-10859.3826985436,-14679.6760445327,1751.76228295958,15235.2450638202,3592.82879873072,6421.90221432643,17579.1508635671,6299.80705272203,-6038.23033045551,4445.88841467689,9014.81788313482,36269.3496807401,27284.1096958297,9401.98806664352,-4704.82264451327,2571.08507793622,-4736.95295019859,-3973.85819017129,13688.1708450702,41678.4866428702,-4484.73005056859,-6711.36023456373,19911.8110563243,10163.4763113865,13135.529587282,2158.21064987929,8560.17405768703,14369.3333256,-3662.19422502335,10020.4964510866,13452.0130982827,26831.0723856661,-7856.80563224691,-3695.93104599298,1801.56425677181
4,-5769.52906325679,29199.5786486464,-8711.47176347742,12762.3563939734,4687.31207040773,42264.1577917861,13200.1174677664,22237.765442844,5428.68163086319,14503.986472504,19382.90424655,14459.2689434607,18079.0352418122,12249.2815870548,7975.2272321743,45613.2653617176,18505.0285448042,25224.4256721082,19992.4747740358,-20385.100397953,-1660.2234995884,23828.7680551234,9803.93881463148,19069.8815432465,28524.1086046759,-16991.2752989783,5110.9518192395,-20265.0691357842,-19872.0255910344,33671.331552982,12239.8673704142,-6574.44458603702,1618.27744553743,-40277.340159765,-17146.6098735499,16210.313238632,17241.1699607892,-16428.7758546962,-3048.82045409265,8573.02998885895,-21736.0404858943,10025.1729056881,34252.6594305454,33334.7733080764,18634.4740236139,-5861.31767550353,13859.1126326156,-26003.0341782946,-29368.6166273471,27260.2500206608,-21197.0765832139,-257.505220123238,13414.2908963422,43160.8619268136,-4037.31320136696,1660.64142042059,-4084.38428457029,10575.9045791694,4390.76424622549,4105.98419284422,12225.7460454532,5099.18404843853,-22089.0736099208,2124.29158997533,13254.2492134503,-33068.4037671446,486.217894492457,-23866.0070008542,-21891.375060466,-7868.89937413417,6207.70805788167,535.642531856161,15909.0583061294,21505.8100990292,-2566.34185125642,-22319.7219176181,-5263.51491881889,-9408.12379488963,-25753.5574373157,-9229.25367871616,8846.04227143953,-6513.25217787248,-13206.7602094145,-53134.8065368095,-39971.3781189423,-13773.9667620173,6892.5923184932,-3766.65447294646,6939.66340169668,5821.72517561277,-20053.2492613681,-61059.2233941239,6570.15539854906,9832.18146455345,-29170.9180778922,-14889.5514339409,-19243.6266302673,-3161.79105378098,-12540.7043820846,-21051.1562252832,5365.13566853857,-14680.0851136851,-19707.2767998219,-39307.6758457724,11510.2655807596,5414.56030590228,-2639.30203022179
5,-2119.01175487797,10724.3155750807,-3199.51782315419,4687.31207040773,1721.53901420313,15522.6269230817,4848.09137336728,8167.40601511174,1993.82654340868,5326.97166282723,7118.88292645654,5310.54797058945,6640.00263699654,4498.8718121003,2929.11259610863,16752.6750312075,6796.45991568292,9264.33577562586,7342.7637838034,-7486.96590207426,-609.760878709675,8751.74369683555,3600.75516814913,7003.91708079196,10476.2313818045,-6240.49410171074,1877.1318880349,-7442.88125448868,-7298.52564376683,12366.6847988606,4495.41419268187,-2414.6382151583,594.355083777325,-14792.9157333308,-6297.54482211573,5953.66518242746,6332.27450875141,-6033.90134145636,-1119.75974293609,3148.67142918228,-7983.13428862669,3682.00922448353,12580.1927979519,12243.0749046497,6844.00218268711,-2152.72354420814,5090.12473266105,-9550.30029005461,-10786.3992321626,10012.045974873,-7785.1855769185,-94.5755853555867,4926.75221513769,15851.9651726924,-1482.80978187696,609.914371160499,-1500.09787896931,3884.27996046484,1612.62400252088,1508.03101511178,4490.22776355414,1872.80986376176,-8112.79501681984,780.202127520818,4867.97268502349,-12145.2436636268,178.576348704611,-8765.42068205874,-8040.18500903168,-2890.06088519986,2279.94455028825,196.728850651651,5843.02136103596,7898.57610532468,-942.556747738774,-8197.50669257271,-1933.16471113448,-3455.38166012198,-9458.67337546472,-3389.68689117077,3248.94239231836,-2392.16368893817,-4850.53109548024,-19515.1594541253,-14680.5431022302,-5058.85266544397,2531.48636298301,-1383.40322359548,2548.77446007541,2138.18215413042,-7365.0848175727,-22425.6105996341,2413.06289789995,3611.12802640453,-10713.7892243745,-5468.58056653431,-7067.72954758307,-1161.25117595784,-4605.90452162251,-7731.59247593207,1970.48761233397,-5391.64853447299,-7238.01730394333,-14436.780933227,4227.44868774938,1988.64011428101,-969.353298231986
6,-19106.5254084996,96698.0987964587,-28849.1408517756,42264.1577917861,15522.6269230817,139963.105456959,43713.858969746,73643.1736114892,17977.7660147868,48031.7861342054,64188.9395853346,47883.6983794677,59871.0124208748,40565.0456584783,26410.973942487,151054.098877585,61281.7431370611,83533.876809504,66207.6095051816,-67507.8389306953,-5498.04015733096,78911.9800432132,32466.9837020274,63152.3253021701,94461.1942906831,-56268.7577553314,16925.5635469134,-67110.3402206104,-65808.7267973874,111506.874270239,40533.8692890603,-21772.1049937795,5359.13049265569,-133383.507511951,-56783.1678507364,53682.5030913057,57096.3155426293,-54405.9696825772,-10096.5546465576,28390.67340056,-71981.6479422476,33199.628383362,113432.01508183,110392.319063527,61710.4182165655,-19410.4950103293,45896.204829039,-86112.337381176,-97257.889448284,90275.7666962506,-70196.8007930395,-852.761113977068,44423.1213740156,142932.65464407,-13370.0734354989,5499.42415503883,-13525.9552825907,35023.4459943433,14540.5712863995,13597.4861114906,40487.1047349325,16886.5930851401,-73150.7617954407,7034.86034889902,43893.1230939016,-109510.202629748,1610.17207008284,-79035.30152318,-72496.0580376525,-26058.8557888212,20557.6105841665,1773.84800952987,52684.8592699141,71219.2108892028,-8498.7657138602,-73914.5828461937,-17430.7955522563,-31156.1921887433,-85286.1635915855,-30563.8411697919,29294.7881136964,-21569.4585925595,-43735.8572491013,-175962.634045245,-132370.275505851,-45614.2335065656,22825.6914593617,-12473.7528147169,22981.5733064539,19279.3794380088,-66408.8719086937,-202205.343003254,21757.9008067788,32560.5128102824,-96603.1856904959,-49308.6332826559,-63727.704138704,-10470.6710795789,-41530.1291127437,-69713.5670670536,17767.3255212125,-48614.9590630941,-65263.1403325637,-130172.341461848,38117.7006591279,17931.0014606596,-8740.3825768531
7,-5967.42944779734,30201.1522224395,-9010.28360635133,13200.1174677664,4848.09137336728,43713.858969746,13652.8941665593,23000.542141637,5614.89062132274,15001.4871296303,20047.7564661763,14955.2357464203,18699.1635031052,12669.4437025144,8248.78518096721,47177.8441438442,19139.7687852638,26089.6476834013,20678.2358478288,-21084.3289074937,-1717.17075912891,24646.1176705831,10140.2233259244,19723.9967837062,29502.5129076357,-17574.0923501856,5286.26237219904,-20960.1804578249,-20553.6551422417,34826.2905434418,12659.7065692072,-6799.95434557757,1673.78591516361,-41658.8915859725,-17734.7550497572,16766.3425415917,17832.5586387489,-16992.2986350701,-3153.39792196651,8867.09314598519,-22481.6075371017,10369.0459586477,35427.5585251718,34478.1880277028,19273.6543682403,-6062.36649754408,14334.4934980752,-26894.9632086686,-30375.9883660545,28195.3027611205,-21924.1566552546,-266.337896330405,13874.4139493018,44641.3209172735,-4175.79691924083,1717.60301504677,-4224.48258577749,10938.668257129,4541.37167418503,4246.82339163709,12645.1008692461,5274.09095556474,-22846.7500361281,2197.15683043485,13708.8826830765,-34202.681755852,502.89563495196,-24684.6339478949,-22642.2702366733,-8138.8101753414,6420.63840250789,554.015584815664,16454.7542757557,22243.4800269889,-2654.36983996361,-23085.3098021588,-5444.0585325261,-9730.83147109688,-26636.9291760231,-9545.82593825674,9149.47001189911,-6736.66297907971,-13659.7647606218,-54957.3814005172,-41342.4347534832,-14246.4270423912,7129.01485061943,-3895.85433665366,7177.70051715625,6021.41593690566,-20741.0949584088,-63153.6133619983,6795.51803484196,10169.4347258464,-30171.5085665997,-15400.2773393149,-19903.7014939747,-3270.24352165484,-12970.8625791252,-21773.2310889905,5549.16497149812,-15183.6261232257,-20383.2553093626,-40655.9668553133,11905.0787378858,5600.28492136183,-2729.83262309564
8,-10053.1148060527,50878.8001975166,-15179.3022979399,22237.765442844,8167.40601511174,73643.1736114892,23000.542141637,38748.1901167142,9459.20526306708,25272.4684380411,33773.737774587,25194.5503881645,31501.8114781827,21343.7583442586,13896.4331560449,79478.8254522543,32244.0834270079,43952.2956584785,34835.8838229062,-35520.0142657486,-2892.85611738428,41520.4323123269,17082.871301002,33228.3114254503,49701.8275493796,-29606.4443751071,8905.57701394349,-35310.86581608,-34626.0071671632,58670.6051851856,21327.3545442848,-11455.6397038328,2819.76722357475,-70181.2436108934,-29877.1070746788,28245.6571833358,30041.8732804929,-28626.3173266584,-5312.41661355524,14938.074454396,-37873.9595620232,17468.360600392,59683.5398335821,58084.1693361131,32469.6356766511,-10213.0518557993,24148.8081398193,-45308.9819002568,-51173.3403909759,47499.6174028643,-36934.8420135095,-448.689921252515,23373.7285910459,75205.6355590169,-7034.81561082965,2893.58432345791,-7116.8346106995,18427.9828988733,7650.6863159295,7154.47136671497,21302.7488443237,8885.0722639758,-38489.1020610496,3701.47147217928,23094.8639914874,-57620.0337807734,847.210276696433,-41585.3193061498,-38144.6222615948,-13711.1622002633,10816.6197109189,933.330226560133,27720.7355841665,37472.7946687329,-4471.72186488566,-38890.9951604137,-9171.41055744818,-16393.1834960187,-44874.2812009444,-16081.5112965119,15413.7846536434,-11349.0150040016,-23012.1167855435,-92584.7334254378,-69648.1201117376,-24000.4457339797,12009.9961590305,-6563.20636157567,12092.0151589006,10144.0639119834,-34941.7803166637,-106392.632053585,11448.1660099198,17132.0827009239,-50828.8605915211,-25944.2960309034,-33531.0535188962,-5509.26221324346,-21851.5479373803,-36680.5831139122,9348.47961324257,-25579.3114814807,-34338.9406676174,-68491.6522135676,20056.0600462968,9434.59956310628,-4598.85131468428
9,-2454.1656319223,12420.528885536,-3705.57013769848,5428.68163086319,1993.82654340868,17977.7660147868,5614.89062132274,9459.20526306708,2309.18047886422,6169.51309828267,8244.84233066192,6150.49174979489,7690.21985370194,5210.43668505576,3392.39621906414,19402.3649041626,7871.42322613832,10729.6311173312,8504.13334425878,-8671.14321661842,-706.203818254045,10135.9648197909,4170.26925985463,8111.69289124735,12133.2064110098,-7227.52297875493,2174.02879224045,-8620.08591278285,-8452.89827081099,14322.6637343159,5206.43219063734,-2796.54990470261,688.361362982912,-17132.6399228747,-7293.59713665991,6895.32771163288,7333.81985045682,-6988.25443725055,-1296.86674498045,3646.68161463778,-9245.78816567083,4264.37487868902,14569.9412646571,14179.5030588549,7926.4850243925,-2493.20945250246,5895.2052306165,-11060.8252608487,-12492.4320154567,11595.6030353282,-9016.53086021265,-109.534149899976,5705.99286934314,18359.1941081475,-1717.33865892132,706.381587866085,-1737.36113101366,4498.63780217032,1867.68496922644,1746.54901306735,5200.42544900961,2169.02317421731,-9395.95670636398,903.602937976396,5637.91646422894,-14066.1983219209,206.820909160208,-10151.8050278529,-9311.86232357582,-3347.16788724416,2640.55239199378,227.844504857247,6767.18389024139,9147.85582203004,-1091.63640603314,-9494.06681961685,-2238.92405692882,-4001.90272466627,-10954.7061587588,-3925.81733071505,3762.81195277386,-2770.52069098249,-5617.71622252448,-22601.7781749191,-17002.4938542741,-5858.98701123821,2931.87936093855,-1602.20944438983,2951.90183303094,2476.36812083596,-8529.98478836686,-25972.5613516778,2794.72542710549,4182.28274311002,-12408.3376326685,-6333.51959982854,-8185.59826837724,-1344.92067800219,-5334.39824241676,-8954.46119672623,2282.15014153952,-6244.41959901721,-8382.81961848749,-16720.1769977709,4896.08387320486,2303.17373723656,-1122.67123777634
10,-6556.87467917058,33184.3337271769,-9900.29307383564,14503.986472504,5326.97166282723,48031.7861342054,15001.4871296303,25272.4684380411,6169.51309828267,16483.2901621457,22028.0152278583,16432.4702025468,20546.2121953428,13920.8943044742,9063.57606070489,51837.9336346925,21030.3391788902,28666.7067923054,22720.771519233,-23166.9772638667,-1886.7878655022,27080.5891058761,11141.8449348287,21672.2755106659,32416.684863762,-19310.0098037809,5808.423911659,-23030.5657933646,-22583.8850958369,38266.329687068,13910.1953656115,-7471.63395195078,1839.11759351249,-45773.8350812341,-19486.5422950192,18422.4728310515,19594.006636542,-18670.748206721,-3464.88134778423,9742.95867850062,-24702.2749906969,11393.2699981076,38926.9891618536,37883.8426227179,21177.4495882556,-6661.18933308396,15750.412850035,-29551.5690303194,-33376.4396738163,30980.3523214135,-24089.7607407943,-292.645974925936,15244.8879887616,49050.8600608995,-4588.26992839189,1887.26281839565,-4641.7646227063,12019.1579215889,4989.95508864499,4666.31218804151,13894.1469573171,5795.05023808024,-25103.4851980567,2414.18555739483,15063.0060280919,-37581.1226469471,552.570195245298,-27122.9099084346,-24878.8074819352,-8942.73804560349,7054.85028919004,608.739624275668,18080.1067874377,24440.6259414486,-2916.56073105911,-25365.6092001985,-5981.80671528824,-10692.0145496923,-29268.0471504515,-10488.7347112966,10053.2279055257,-7402.09084934181,-15009.0363808838,-60385.9108332786,-45426.1195681892,-15653.6474473754,7833.19809146825,-4280.67543608247,7886.69278578284,6616.19379581004,-22789.8396689485,-69391.7426211485,7466.75943541301,11173.9417514173,-33151.7619576948,-16921.4717026325,-21869.7309267366,-3593.2686141392,-14252.0864563317,-23923.9271884191,6097.29526095807,-16683.4203129321,-22396.6536657356,-44671.8443783527,13081.0276037346,6153.46468998845,-2999.47750724668
11,-8762.50638429133,44347.0327512228,-13230.599258123,19382.90424655,7118.88292645654,64188.9395853346,20047.7564661763,33773.737774587,8244.84233066192,22028.0152278583,29437.9004498209,21960.1002161761,27457.6416881387,18603.6688493535,12112.4235222508,69275.4165129051,28104.6215362695,38309.7456601014,30363.6892932789,-30959.9917814874,-2521.47425812289,36190.0824007553,14889.7900526247,28962.4953680452,43321.1586273913,-25805.5998422348,7762.2883002883,-30777.6935922354,-30180.7563842909,51138.5339194474,18589.3709521574,-9984.97659457148,2457.76844047509,-61171.4485571881,-26041.5151459732,24619.5090946808,26185.1288376712,-24951.3004847583,-4630.41409457163,13020.3399942132,-33011.7400291509,15225.7906367369,52021.4290713162,50627.3840946805,28301.2176227182,-8901.91088195466,21048.6092699142,-39492.2619333568,-44603.7601810204,41401.6659287927,-32193.185414665,-391.087575879985,20373.0336273909,65550.8142932788,-6131.69330017934,2522.10897785825,-6203.18278616035,16062.2176227182,6668.4991647743,6235.98777458752,18567.9241063631,7744.41592879284,-33547.9111740107,3226.28041477408,20129.9693750545,-50222.8337791512,738.446302624548,-36246.6392698053,-33247.6553328892,-11950.9374590575,9427.99332365264,813.510262904916,24161.9763844003,32662.0762675779,-3897.64686326315,-33898.2096553192,-7993.99440999235,-14288.6436506463,-39113.3676576556,-14016.9836039173,13434.9790129049,-9892.04026279586,-20057.8451693378,-80698.8016529826,-60706.76689831,-20919.2934754129,10468.1653446809,-5720.62875578652,10539.6548306621,8841.77953860599,-30455.9909053192,-92734.0566179358,9978.46236570901,14932.6837442132,-44303.5043398989,-22613.5942931699,-29226.3717464406,-4801.98886092654,-19046.2689427024,-31971.5680081232,8148.33152458738,-22295.4660805528,-29930.5431833562,-59698.7651459734,17481.2839194472,8223.39548486775,-4008.45556653402
12,-6536.65904849173,33082.0224481336,-9869.76928343457,14459.2689434607,5310.54797058945,47883.6983794677,14955.2357464203,25194.5503881645,6150.49174979489,16432.4702025468,21960.1002161761,16381.8069269757,20482.8657600495,13877.9745184865,9035.63196916156,51678.111070927,20965.5001220692,28578.3238986788,22650.7206568563,-23095.5506956879,-1880.97067232333,26997.0964032217,11107.4932912021,21605.4572871782,32316.7403381909,-19250.4747286576,5790.51584442121,-22959.5597981025,-22514.2562707137,38148.350005247,13867.3085657348,-7448.59800877193,1833.44737349692,-45632.7088602776,-19426.4629490626,18365.6741388137,19533.5959651376,-18613.1840517366,-3454.19870321648,9712.91996890173,-24626.1149155736,11358.1431808698,38806.9725876714,37767.0421943691,21112.1569724067,-6640.65208782178,15701.8524390472,-29460.458000335,-33273.5361091097,30884.8361812591,-24015.4891205321,-291.743712302624,15197.8861715239,48899.6303790785,-4574.12374215747,1881.44416088008,-4627.45350591633,11982.1014168511,4974.5704589072,4651.92538816484,13851.3096366071,5777.18340348135,-25026.0881437668,2406.74233390704,15016.564974743,-37465.2555405739,550.866555090834,-27039.2867256724,-24802.1031359786,-8915.16651214686,7033.09934000781,606.862807037871,18024.3636507555,24365.2725617109,-2907.5686246858,-25287.4039861863,-5963.36408808161,-10659.049787069,-29177.8102524116,-10456.3966847844,10022.2325987046,-7379.26931588518,-14962.7617224272,-60199.7338310721,-45286.0653958438,-15605.3853757244,7809.0474027027,-4267.4776005425,7862.37716646172,6595.79527718337,-22719.5758611863,-69177.7995599142,7443.738520953,11139.4911494573,-33049.5511013216,-16869.3007768147,-21802.30392453,-3582.19013623812,-14208.1455652362,-23850.1668528792,6078.49656872029,-16631.9833280866,-22327.6020975568,-44534.1157268406,13040.697227469,6134.49282066733,-2990.22975851227
13,-8173.06115291804,41363.8512464852,-12340.5897906387,18079.0352418122,6640.00263699654,59871.0124208748,18699.1635031052,31501.8114781827,7690.21985370194,20546.2121953428,27457.6416881387,20482.8657600495,25610.5929959011,17352.2182473935,11297.6326425131,64615.3270220565,26214.051142643,35732.686551197,28321.1536218746,-28877.3434251142,-2351.85715174959,33755.6109654621,13888.1684437203,27014.2166410853,40406.9866712648,-24069.6823886394,7240.1267608283,-28707.3082566955,-28150.5264306955,47698.4947758209,17338.8821557531,-9313.29698819821,2292.4367621262,-57056.5050619261,-24289.7279007111,22963.3788052208,24423.680839878,-23272.8509131073,-4318.93066875388,12144.4744616977,-30791.0725755555,14201.5665972769,48521.9984346341,47221.7294996651,26397.4224027028,-8303.08804641472,19632.6899179543,-36835.6561117058,-41603.3088732583,38616.6163684995,-30027.5813291251,-364.779497284452,19002.5595879309,61141.2751496524,-5719.22029102826,2352.44917450936,-5785.9007492315,14981.7279582582,6219.9157503143,5816.49897818307,17318.878018292,7223.4566462773,-31291.176012082,3009.25168781408,18775.846030039,-46844.3928880559,688.771742331205,-33808.3633092655,-31011.1180876272,-11147.0095887954,8793.78143697044,758.786223444908,22536.6238727182,30464.930353118,-3635.45597216764,-31617.9102572793,-7456.24622723016,-13327.4605720508,-36482.2496832269,-13074.0748308773,12531.2211192783,-9226.6123925337,-18708.5735490757,-75270.2722202207,-56623.0820836036,-19512.0730704285,9763.98210383203,-5335.80765635767,9830.66256203549,8247.00167970156,-28407.2461947793,-86495.9273587851,9307.22096513791,13928.1767186422,-41323.2509488035,-21092.3999298522,-27260.3423136785,-4478.96376844215,-17765.0450654958,-29820.8719086944,7600.20123512738,-20795.6718908463,-27917.1448269831,-55682.8876229336,16305.3350535984,7670.21571624109,-3738.81068238296
14,-5537.58130073076,28025.6913417276,-8361.25143150691,12249.2815870548,4498.8718121003,40565.0456584783,12669.4437025144,21343.7583442586,5210.43668505576,13920.8943044742,18603.6688493535,13877.9745184865,17352.2182473935,11756.8335162473,7654.60555025573,43779.5117353542,17761.0856823299,24210.3482610228,19188.7333004504,-19565.5745104268,-1593.47886206242,22870.7991509824,9409.79890354621,18303.2303474389,27377.3766797015,-16308.1886475632,4905.48031093206,-19450.3687690914,-19073.1264396193,32317.6699405076,11747.7977718289,-6310.13744851098,1553.21913167448,-38658.102466683,-16457.2784304682,15558.6229803245,16548.0369941483,-15768.3029185589,-2926.25116378888,8228.37532082926,-20862.2038344792,9622.13889738063,32875.6271583487,31994.6420775464,17885.3271680841,-5625.67980881083,13301.945811808,-24957.6549921572,-28187.9336217652,26164.3279915198,-20344.907466521,-247.152943708385,12875.0068880347,41425.700314339,-3875.00432772983,1593.87998155765,-3920.18304982206,10150.7299458619,4214.24586291806,3940.91459425901,11734.2441552012,4894.18563040888,-21201.0442501723,2038.89039416794,12721.3992329205,-31738.9811782293,466.670865351749,-22906.5410091613,-21011.2936173842,-7552.55230605256,5958.14453568534,514.108523548786,15269.4791589329,20641.2292157216,-2463.16926234154,-21422.4199884252,-5051.9100382373,-9029.89651847467,-24718.2077650672,-8858.21737452342,8490.41190896539,-6251.40510979089,-12675.8193913329,-50998.6704062274,-38364.4407730825,-13220.2229925467,6615.49494213019,-3615.22667569823,6660.67366422256,5587.67901452755,-19247.0645196753,-58604.5082704861,6306.02069579716,9436.90613680152,-27998.182988977,-14290.958706137,-18469.9904996856,-3034.68009681054,-12036.5404737252,-20204.8534280347,5149.44541023114,-14089.9133928256,-18915.0009122958,-37727.4207915793,11047.5275793965,5196.88306842818,-2533.19628158469
15,-3605.3926000558,18246.8869868472,-5443.81967527644,7975.2272321743,2929.11259610863,26410.973942487,8248.78518096721,13896.4331560449,3392.39621906414,9063.57606070489,12112.4235222508,9035.63196916156,11297.6326425131,7654.60555025573,4983.73869537521,28503.8393249184,11563.836883005,15762.804322809,12493.3456122366,-12738.698309752,-1037.47766138748,14890.6545183243,6126.50496533238,11916.8148814474,17824.7841303767,-10617.8888357774,3193.8460949404,-12663.6904850831,-12418.0766278334,21041.2961411827,7648.72258361511,-4108.38624783608,1011.26547123837,-25169.406821564,-10714.957785349,10129.8637643329,10774.0486114902,-10266.3815789952,-1905.2152408917,5357.30707705992,-13582.9040226933,6264.754681389,21404.5693312462,20830.9800837773,11644.7276743148,-3662.75152480259,8660.59284581648,-16249.3586525935,-18352.5192266459,17034.9958588617,-13246.1041825129,-160.915631922303,8382.62267204311,26971.3265150144,-2522.92673816594,1037.73882112154,-2552.34157136934,6608.90822987031,2743.79914692638,2565.83940604508,7639.89813365406,3186.49238663946,-13803.5152717198,1327.47492817629,8282.61223915115,-20664.5251164435,303.838732693423,-14913.9252251532,-13679.972972265,-4917.29416093321,3879.2117085826,334.724307557129,9941.60883183028,13439.0324997301,-1603.71320055548,-13947.6479544171,-3289.18314311788,-5879.15920668866,-16093.4600366147,-5767.38284051521,5527.91310964047,-4070.14696467153,-8252.93624621356,-33204.0685111084,-24978.2104057412,-8607.38498631622,4307.19753169407,-2353.79144724551,4336.61236489757,3638.01007631368,-12531.3237356671,-38156.0556809228,4105.70592424991,6144.1538652544,-18228.9769271911,-9304.5165332399,-12025.3886045664,-1975.81084058008,-7836.71635638362,-13154.9181995821,3352.68619423947,-9173.62052548409,-12315.124711621,-24563.4612575713,7192.79266896041,3383.57176910317,-1649.30619202089
16,-20620.5697482908,104360.675116391,-31135.2121012891,45613.2653617176,16752.6750312075,151054.098877585,47177.8441438442,79478.8254522543,19402.3649041626,51837.9336346925,69275.4165129051,51678.111070927,64615.3270220565,43779.5117353542,28503.8393249184,163023.96773224,66137.8472347705,90153.2903690191,71454.0504084467,-72857.3129579868,-5933.71730962201,85165.1440367561,35039.7410115422,68156.6585665462,101946.513232143,-60727.6215395672,18266.7835300392,-72428.3155499852,-71023.5593316233,120342.931492949,43745.8648798251,-23497.3758960706,5783.80012855914,-143953.118692021,-61282.7946558055,57936.4261994317,61620.7568799219,-58717.2219216742,-10896.6285002376,30640.4146510469,-77685.6367264835,35830.4421164879,122420.624821901,119140.056407765,66600.4914983027,-20948.6265897038,49533.1240309149,-92936.0739952732,-104964.824847104,97429.4228772935,-75759.3542474143,-920.335835712535,47943.3101071416,154258.96186678,-14429.5483308457,5935.21097844228,-14597.7826084929,37798.7831649692,15692.7990820252,14674.9817022553,43695.3945965307,18224.7249606269,-78947.3938088433,7592.31861327469,47371.3135631387,-118188.039070234,1737.76575112515,-85298.237790055,-78240.8098427219,-28123.8185313901,22186.6421992367,1914.41174265551,56859.7268224845,76862.7824348289,-9172.22715434572,-79771.7417693186,-18812.0512635752,-33625.0794104789,-92044.4323237382,-32985.7891554164,31616.1734614056,-23278.6713351285,-47201.5856166704,-189906.311631566,-142859.59588731,-49228.8086623292,24634.4509390153,-13462.2012343691,24802.6852166631,20807.1211225235,-71671.2613005685,-218228.552273602,23482.0461371268,35140.6815781305,-104258.240880982,-53215.9610425862,-68777.6317250232,-11300.3907665922,-44821.0705879517,-75237.8279867063,19175.2486293383,-52467.3185070522,-70434.7393598551,-140487.492572473,41138.2335762816,19351.8946208687,-9432.9902846997
17,-8365.6416346483,42338.5007994771,-12631.3690570911,18505.0285448042,6796.45991568292,61281.7431370611,19139.7687852638,32244.0834270079,7871.42322613832,21030.3391788902,28104.6215362695,20965.5001220692,26214.051142643,17761.0856823299,11563.836883005,66137.8472347705,26831.7284734126,36574.6499062722,28988.4802581998,-29557.7754693444,-2407.27357097986,34550.9888170651,14215.4130487955,27650.7481385217,41359.0897832845,-24636.8323148141,7410.72466451468,-29383.7337905091,-28813.8326068702,48822.4064815905,17747.4353545783,-9532.74465742846,2346.45306859036,-58400.9180089341,-24862.0627227191,23504.4610839072,24999.171972731,-23821.2252316431,-4420.69691437304,12430.6326952451,-31516.5975017301,14536.1957509633,49665.3142202649,48334.4072644625,27019.4204800002,-8498.7323302283,20095.2917278906,-37703.6085552416,-42583.6007265163,39526.5332826025,-30735.1162379387,-373.374735959165,19450.3137416173,62581.936855422,-5853.98132831408,2407.87954347353,-5922.23296707287,15334.7399244446,6366.47459150068,5953.55217700835,17726.9598629506,7393.66175482479,-32028.4847924233,3080.15818525047,19218.2581698365,-47948.1795329805,705.001156434264,-34604.984155579,-31741.8279096351,-11409.6647233034,9000.98784760126,776.6653771313,23067.650595849,31182.7704443044,-3721.11761709234,-32362.9178223429,-7631.9365179882,-13641.4933107255,-37341.8748698182,-13382.1370834409,12826.492200048,-9444.01752704172,-19149.4005585837,-77043.8531359786,-57957.2823570004,-19971.832805631,9994.04919154619,-5461.53440544904,10062.3008303052,8441.32440977683,-29076.6014160929,-88534.0165210707,9526.52546604651,14256.3640320508,-42296.9438437281,-21589.3966442213,-27902.6732294365,-4584.50084739463,-18183.6398701427,-30523.5361577858,7779.28351381377,-21285.6768517432,-28574.9518712133,-56994.9342504971,16689.5349538125,7850.94773451081,-3826.90765716877
18,-11403.3061392888,57712.1166767812,-17217.9701936761,25224.4256721082,9264.33577562586,83533.876809504,26089.6476834013,43952.2956584785,10729.6311173312,28666.7067923054,38309.7456601014,28578.3238986788,35732.686551197,24210.3482610228,15762.804322809,90153.2903690191,36574.6499062722,49855.342606493,39514.5440521706,-40290.5571614849,-3281.38338812028,47096.8659790914,19377.1994990162,37691.0654047146,56377.0698098942,-33582.7607083434,10101.6473994576,-40053.3188680664,-39276.4797503995,66550.4060394503,24191.741336049,-12994.1982245689,3198.47823408879,-79606.9896316301,-33889.774970415,32039.2119438501,34076.6702285072,-32470.9969411447,-6025.90482179129,16944.3440586602,-42960.6508952595,19814.4622359063,67699.3836565967,65885.2084716277,36830.4951246654,-11584.7236577854,27392.1324315835,-51394.2396397433,-58046.2153179625,53879.0901321287,-41895.4044404958,-508.9515669885,26512.9552265602,85306.1864132817,-7979.63194406575,3282.20939647195,-8072.66656893555,20902.9673468876,8678.21763894361,8115.3581584791,24163.830948588,10078.3887432399,-43658.410581786,4198.60045144331,26196.6375020016,-65358.73683276,960.995505960439,-47170.4676706363,-43267.6651573312,-15552.6504084994,12269.354158933,1058.68186207414,31443.7903446808,42505.6072417473,-5072.29991687168,-44114.28024365,-10403.1839219343,-18594.8826417549,-50901.1561279309,-18241.351067248,17483.9448829075,-12873.2532122377,-26102.7768687797,-105019.397414925,-79002.2645699743,-27223.844098466,13623.0079507947,-7444.68285106172,13716.0425756648,11506.4702349975,-39634.66305615,-120681.776511822,12985.7207704339,19433.020273938,-57655.4698935077,-29428.7647078897,-38034.4675083826,-6249.18792147947,-24786.3369268665,-41606.9971033986,10604.0343737567,-29014.760627217,-38950.8585633536,-77690.4763593043,22749.704650561,10701.7207298704,-5216.50358542028
19,-9038.0773498612,45741.6970287087,-13646.6867167485,19992.4747740358,7342.7637838034,66207.6095051816,20678.2358478288,34835.8838229062,8504.13334425878,22720.771519233,30363.6892932789,22650.7206568563,28321.1536218746,19188.7333004504,12493.3456122366,71454.0504084467,28988.4802581998,39514.5440521706,31318.5931540981,-31933.6486845574,-2600.77178619273,37328.219768519,15358.0571946938,29873.3332566422,44683.5603180717,-26617.1569189159,8006.40353263516,-31745.6174223887,-31129.907210972,52746.7832663778,19173.9857504766,-10298.9928726413,2535.06249226638,-63095.2217797026,-26860.4914934875,25393.7649520277,27008.6216741848,-25735.9908079671,-4776.0354073637,13429.8150355878,-34049.922105832,15704.6246190838,53657.4444772743,52219.5583548053,29191.259070343,-9181.86596210786,21710.5643460111,-40734.2491315657,-46006.4982472848,42703.7017340564,-33205.6248698183,-403.386840060931,21013.7426097378,67612.3136402092,-6324.5281546381,2601.42646714954,-6398.26590450798,16567.3562925651,6878.21595962116,6432.10257290661,19151.8644255155,7987.96909516748,-34602.9552298585,3327.74330337092,20763.0342601792,-51802.2853870824,761.669607888046,-37386.5552874586,-34293.2566804036,-12326.7809940719,9724.49310461062,839.094245251748,24921.8433528584,33689.2618124249,-4020.22347119411,-34964.2702042225,-8245.39653875666,-14738.0054148273,-40343.4390572533,-14457.8019653205,13857.4939848351,-10203.1337978102,-20688.6418293522,-83236.6881567472,-62615.9264055467,-21577.1817152884,10797.3773652222,-5900.53609288415,10871.1151150924,9119.84355567508,-31413.7975479725,-95650.4383473949,10292.2737786114,15402.2998446157,-45696.79969783,-23324.766387212,-30145.508250205,-4953.00600705195,-19645.252668689,-32977.037845221,8404.58738193425,-22996.6334002894,-30871.8250864262,-61576.2241323768,18031.0506274886,8482.01201929795,-4134.51698349275
20,9215.57317259496,-46640.0031432801,13914.689500152,-20385.100397953,-7486.96590207426,-67507.8389306953,-21084.3289074937,-35520.0142657486,-8671.14321661842,-23166.9772638667,-30959.9917814874,-23095.5506956879,-28877.3434251142,-19565.5745104268,-12738.698309752,-72857.3129579868,-29557.7754693444,-40290.5571614849,-31933.6486845574,32560.7830878985,2651.84748626296,-38061.2963756916,-15659.6690189615,-30460.0058042354,-45561.0860344733,27139.8824924284,-8163.63865324247,32369.0591417346,31741.2572003723,-53782.6599611672,-19550.5373381789,10501.2513998144,-2584.84774916653,64334.3280483084,27387.9958345234,-25892.4647338499,-27539.0350950257,26241.4114505996,4869.83039287006,-13693.5587475113,34718.6173055127,-16013.0425667939,-54711.2053474921,-53245.0810532941,-29764.5365877571,9362.18560201451,-22136.9309648661,41534.2156270018,46910.0047057272,-43542.3456601542,33857.7391943043,411.308821283816,-21426.4245761394,-68940.129587335,6448.73347892951,-2652.51502428334,6523.9193401701,-16892.7171433126,-7013.2949762565,-6558.42051574913,-19527.9815798066,-8144.84218793211,35282.5112648195,-3393.09575750627,-21170.7926479204,52819.613399263,-776.627786322474,38120.7775266643,34966.7306476077,12568.8625839396,-9915.46922015561,-855.572940625428,-25411.275221908,-34350.8741234527,4099.17531515063,35650.9219849001,8407.32516425523,15027.4402465174,41135.7305624247,14741.7339738019,-14129.6367427088,10403.5097802013,21094.9392486591,84871.3460462642,63845.6199502429,22000.9288766124,-11009.4235012112,6016.41477679393,-11084.609362452,-9298.9451579802,32030.7227661501,97528.885786172,-10494.400351711,-15704.7805357058,46594.2240885154,23782.8337880221,30737.5259528063,5050.27645984802,20031.0593121002,33624.6630244578,-8569.64230394342,23448.2567054998,31478.106686029,62785.4993067459,-18385.1564889448,-8648.58745824638,4215.71340007388
21,750.5438209593,-3798.50124491543,1133.25389851639,-1660.2234995884,-609.760878709675,-5498.04015733096,-1717.17075912891,-2892.85611738428,-706.203818254045,-1886.7878655022,-2521.47425812289,-1880.97067232333,-2351.85715174959,-1593.47886206242,-1037.47766138748,-5933.71730962201,-2407.27357097986,-3281.38338812028,-2600.77178619273,2651.84748626296,215.974384627524,-3099.82572732717,-1275.37024559698,-2480.75390587082,-3710.63101110834,2210.35314079307,-664.871129877896,2636.23291509866,2585.10284873698,-4380.22056280225,-1592.25418981426,855.253298178904,-210.517725802096,5239.57994667303,2230.56023288808,-2108.75971048532,-2242.86132166131,2137.17897396416,396.613541234487,-1115.24434914706,2827.58795387717,-1304.15004342928,-4455.84407412749,-4336.43852992966,-2424.11281439238,762.484375379063,-1802.89781650167,3382.67065036602,3820.49097909134,-3546.21876178977,2757.47546766872,33.4982196483059,-1745.03205277504,-5614.6901889704,525.204127293694,-216.028750918917,531.327488534581,-1375.79336994797,-571.183702891919,-534.137367384404,-1590.41718144199,-663.340289567656,2873.51316318403,-276.34385914191,-1724.21262455594,4301.78717262715,-63.250887958117,3104.67005002853,2847.79504597219,1023.64573230403,-807.54544679117,-69.6804172610758,-2069.57019854347,-2797.6378500881,333.849088515118,2903.51763326451,684.717687619486,1223.87964488191,3350.21683578915,1200.61087216643,-1150.75984434437,847.292928565723,1718.03489702363,6912.17606962859,5199.77809860712,1791.82139997666,-896.640352846484,489.994800158414,-902.76371408739,-757.333884615686,2608.67778951452,7943.04393453639,-854.695328346231,-1279.04426234151,3794.77286187951,1936.94506138632,2503.3559761708,411.309608212661,1631.38933546471,2738.49304782191,-697.93728057883,1909.69610386423,2563.67108439377,5113.43870511023,-1497.3420905801,-704.36680988179,343.34029843852
